14 24
loading tokenizer...
loading model...
[1, 143, 35, 17, 3, 1, 3, 4, 1, 1] [1, 78, 19, 14, 5, 5, 27, 58, 1, 1]
evaluting...
1 8
2 9
3 18
4 23
5 25
6 40
7 42
8 50
9 53
10 65
11 76
12 88
13 90
14 104
15 109
16 116
17 119
18 120
19 123
20 125
21 127
22 134
23 139
24 151
25 153
26 159
27 160
28 165
29 167
30 169
31 194
32 195
33 197
34 198
35 225
36 226
37 228
38 231
39 232
40 243
41 249
42 250
43 271
44 274
45 282
46 283
47 285
48 290
49 293
50 294
51 295
52 296
53 310
54 311
55 319
56 320
57 327
58 333
59 334
60 339
61 347
62 354
63 357
64 365
65 366
66 368
67 372
68 375
69 379
70 396
71 402
72 404
73 405
74 410
75 415
76 442
77 444
78 445
79 447
80 448
81 449
82 450
83 461
84 472
85 476
86 479
87 484
88 488
89 489
90 491
91 495
92 499
93 501
94 502
95 503
96 504
97 506
98 512
99 518
100 521
101 532
102 534
103 535
104 538
105 542
106 545
107 571
108 586
109 609
110 610
111 611
112 613
113 626
114 627
115 642
116 650
117 651
118 671
119 682
120 684
121 699
122 714
123 716
124 718
125 719
126 721
127 743
128 745
129 747
130 752
131 757
132 762
133 766
134 770
135 781
136 789
137 797
138 800
139 803
140 806
141 810
142 811
143 814
144 815
145 822
146 827
147 830
148 831
149 835
150 836
151 838
152 839
153 840
154 841
155 845
156 846
157 848
158 853
159 859
160 862
161 867
162 874
163 875
164 878
165 880
166 890
167 906
168 910
169 914
170 915
171 919
172 930
173 934
174 935
175 943
176 944
177 946
178 947
179 962
180 964
181 966
182 970
183 976
184 978
185 992
186 993
187 1004
188 1006
189 1024
190 1029
191 1030
192 1035
193 1036
194 1040
195 1043
196 1061
197 1072
198 1073
199 1079
200 1105
201 1110
202 1117
203 1118
204 1123
205 1124
206 1132
207 1144
208 1147
209 1152
210 1153
211 1156
212 1164
213 1168
214 1173
215 1175
216 1184
217 1188
218 1190
219 1191
220 1192
221 1209
222 1211
223 1214
224 1215
225 1230
226 1233
227 1276
228 1283
229 1301
230 1302
231 1303
232 1304
233 1308
234 1310
235 1311
236 1324
237 1325
238 1330
239 1339
240 1350
241 1355
242 1358
243 1362
244 1364
245 1365
246 1370
247 1381
248 1387
249 1389
250 1393
251 1395
252 1402
253 1403
254 1405
255 1406
256 1409
257 1410
258 1416
259 1421
260 1434
261 1447
262 1449
263 1453
264 1456
265 1473
266 1474
267 1477
268 1482
269 1491
270 1501
271 1502
272 1509
273 1517
274 1518
275 1520
276 1521
277 1525
278 1526
279 1539
280 1540
281 1545
282 1557
283 1561
284 1562
285 1564
286 1568
287 1571
288 1573
289 1574
290 1576
291 1577
292 1581
293 1582
294 1584
295 1588
296 1592
297 1596
298 1599
299 1604
300 1617
301 1618
302 1624
303 1626
304 1636
305 1638
306 1639
307 1640
308 1645
309 1646
310 1650
311 1656
312 1687
313 1689
314 1692
315 1694
316 1695
317 1696
318 1703
319 1704
320 1708
321 1709
322 1731
323 1750
324 1751
325 1752
326 1763
327 1766
328 1770
329 1774
330 1782
331 1786
332 1795
333 1796
334 1797
335 1798
336 1799
337 1800
338 1803
339 1807
340 1811
341 1813
342 1815
343 1819
344 1821
345 1826
346 1838
347 1849
348 1856
349 1858
350 1861
351 1863
352 1864
353 1866
354 1875
355 1876
356 1877
357 1878
358 1888
359 1901
acc:  0.8118448637316562
Non_fact_auc_precision_recall:  0.8353682340659349
fact_auc_precision_recall:  0.5896832349020111
avg_sentence_search_time: 3.529350104821803
pearson:  0.7681903793588112
Spearman:  0.6906779769082956
hypothesis_avg_search_time: 2.252173913043478
